./datasets/tea0/0.jpg 0.475000,0.437891,0.461111,0.460156,0
./datasets/tea0/1.jpg 0.473611,0.440625,0.444444,0.454688,0
./datasets/tea0/2.jpg 0.473611,0.442969,0.430556,0.456250,0
./datasets/tea0/3.jpg 0.468750,0.439844,0.429167,0.456250,0
./datasets/tea0/4.jpg 0.481944,0.435937,0.411111,0.457813,0
./datasets/tea0/5.jpg 0.475000,0.440234,0.436111,0.449219,0
./datasets/tea0/6.jpg 0.473611,0.435937,0.452778,0.456250,0
./datasets/tea0/7.jpg 0.472222,0.441797,0.416667,0.460156,0
./datasets/tea0/8.jpg 0.476389,0.448047,0.469444,0.453906,0
./datasets/tea0/9.jpg 0.472222,0.446875,0.430556,0.445312,0
./datasets/tea0/10.jpg 0.466667,0.450391,0.444444,0.450781,0
./datasets/tea0/11.jpg 0.464583,0.448437,0.462500,0.456250,0
./datasets/tea0/12.jpg 0.468750,0.452344,0.434722,0.445312,0
./datasets/tea0/13.jpg 0.454861,0.446875,0.431944,0.456250,0
./datasets/tea0/14.jpg 0.468750,0.447656,0.465278,0.460938,0
./datasets/tea0/15.jpg 0.461111,0.451953,0.441667,0.460156,0
./datasets/tea0/16.jpg 0.464583,0.451172,0.406944,0.450781,0
./datasets/tea0/17.jpg 0.488194,0.455859,0.409722,0.457031,0
./datasets/tea0/18.jpg 0.490972,0.467969,0.448611,0.485938,0
./datasets/tea0/19.jpg 0.522222,0.458594,0.450000,0.482812,0
./datasets/tea0/20.jpg 0.531250,0.467969,0.465278,0.479687,0
./datasets/tea0/21.jpg 0.525000,0.464062,0.486111,0.493750,0
./datasets/tea0/22.jpg 0.518750,0.456250,0.468056,0.489063,0
./datasets/tea0/23.jpg 0.528472,0.460938,0.484722,0.493750,0
./datasets/tea0/24.jpg 0.518056,0.453906,0.491667,0.495312,0
./datasets/tea0/25.jpg 0.502083,0.458203,0.487500,0.492969,0
./datasets/tea0/26.jpg 0.475694,0.455078,0.493056,0.500781,0
./datasets/tea0/27.jpg 0.463889,0.458984,0.483333,0.511719,0
./datasets/tea0/28.jpg 0.441667,0.459375,0.483333,0.509375,0
./datasets/tea0/29.jpg 0.417361,0.462109,0.515278,0.511719,0
./datasets/tea0/30.jpg 0.401389,0.466406,0.525000,0.509375,0
./datasets/tea0/31.jpg 0.402083,0.472266,0.526389,0.521094,0
./datasets/tea0/32.jpg 0.411111,0.488281,0.577778,0.532813,0
./datasets/tea0/33.jpg 0.413889,0.497266,0.550000,0.522656,0
./datasets/tea0/34.jpg 0.438889,0.500391,0.561111,0.530469,0
./datasets/tea0/35.jpg 0.458333,0.506641,0.547222,0.536719,0
./datasets/tea0/36.jpg 0.471528,0.513672,0.551389,0.550781,0
./datasets/tea0/37.jpg 0.468056,0.508594,0.533333,0.526563,0
./datasets/tea0/38.jpg 0.477083,0.498828,0.534722,0.525781,0
./datasets/tea0/39.jpg 0.462500,0.505078,0.555556,0.524219,0
./datasets/tea0/40.jpg 0.463889,0.496484,0.538889,0.516406,0
./datasets/tea0/41.jpg 0.453472,0.494141,0.556944,0.525781,0
./datasets/tea0/42.jpg 0.453472,0.496094,0.573611,0.523438,0
./datasets/tea0/43.jpg 0.459722,0.494922,0.561111,0.499219,0
./datasets/tea0/44.jpg 0.461111,0.483594,0.527778,0.521875,0
./datasets/tea0/45.jpg 0.463194,0.495312,0.562500,0.493750,0
./datasets/tea0/46.jpg 0.445833,0.495703,0.561111,0.508594,0
./datasets/tea0/47.jpg 0.457639,0.485938,0.559722,0.501563,0
./datasets/tea0/48.jpg 0.470139,0.482812,0.520833,0.500000,0
./datasets/tea0/49.jpg 0.497222,0.482031,0.505556,0.514062,0
./datasets/tea0/50.jpg 0.488889,0.494141,0.522222,0.536719,0
./datasets/tea0/51.jpg 0.493750,0.500000,0.529167,0.515625,0
./datasets/tea0/52.jpg 0.494444,0.494531,0.530556,0.520312,0
./datasets/tea0/53.jpg 0.497917,0.495312,0.506944,0.521875,0
./datasets/tea0/54.jpg 0.488889,0.494922,0.508333,0.511719,0
./datasets/tea0/55.jpg 0.479861,0.503516,0.534722,0.521094,0
./datasets/tea0/56.jpg 0.488889,0.501172,0.488889,0.519531,0
./datasets/tea0/57.jpg 0.470833,0.500781,0.502778,0.523438,0
./datasets/tea0/58.jpg 0.455556,0.497656,0.491667,0.532813,0
./datasets/tea0/59.jpg 0.458333,0.501563,0.508333,0.517188,0
./datasets/tea0/60.jpg 0.437500,0.499219,0.555556,0.521875,0
./datasets/tea0/61.jpg 0.438194,0.502344,0.484722,0.526563,0
./datasets/tea0/62.jpg 0.425000,0.508984,0.505556,0.510156,0
./datasets/tea0/63.jpg 0.418056,0.504297,0.494444,0.503906,0
./datasets/tea0/64.jpg 0.422917,0.508203,0.495833,0.507031,0
./datasets/tea0/65.jpg 0.432639,0.516016,0.476389,0.488281,0
./datasets/tea0/66.jpg 0.432639,0.512891,0.534722,0.503906,0
./datasets/tea0/67.jpg 0.434722,0.518359,0.480556,0.502344,0
./datasets/tea0/68.jpg 0.440278,0.521484,0.500000,0.502344,0
./datasets/tea0/69.jpg 0.439583,0.518359,0.509722,0.507031,0
./datasets/tea0/70.jpg 0.447917,0.515234,0.529167,0.489844,0
./datasets/tea0/71.jpg 0.453472,0.531250,0.468056,0.485938,0
./datasets/tea0/72.jpg 0.442361,0.530859,0.493056,0.486719,0
./datasets/tea0/73.jpg 0.438889,0.530859,0.488889,0.489844,0
./datasets/tea0/74.jpg 0.438889,0.531641,0.450000,0.458594,0
./datasets/tea0/75.jpg 0.427083,0.529687,0.501389,0.496875,0
./datasets/tea0/76.jpg 0.418056,0.525781,0.477778,0.514062,0
./datasets/tea0/77.jpg 0.427083,0.525781,0.487500,0.490625,0
./datasets/tea0/78.jpg 0.440972,0.527734,0.465278,0.497656,0
./datasets/tea0/79.jpg 0.453472,0.536719,0.468056,0.496875,0
./datasets/tea0/80.jpg 0.470139,0.537500,0.448611,0.487500,0
./datasets/tea0/81.jpg 0.476389,0.548438,0.463889,0.506250,0
./datasets/tea0/82.jpg 0.479861,0.542578,0.437500,0.478906,0
./datasets/tea0/83.jpg 0.465278,0.541406,0.475000,0.495312,0
./datasets/tea0/84.jpg 0.470833,0.537500,0.425000,0.476562,0
./datasets/tea0/85.jpg 0.452778,0.537109,0.441667,0.489844,0
./datasets/tea0/86.jpg 0.440972,0.528516,0.465278,0.485156,0
./datasets/tea0/87.jpg 0.440972,0.523828,0.418056,0.486719,0
./datasets/tea0/88.jpg 0.431250,0.525000,0.420833,0.492188,0
./datasets/tea0/89.jpg 0.410417,0.518750,0.406944,0.482812,0
./datasets/tea0/90.jpg 0.409722,0.513672,0.430556,0.489844,0
./datasets/tea0/91.jpg 0.408333,0.517969,0.425000,0.500000,0
./datasets/tea0/92.jpg 0.432639,0.513672,0.431944,0.494531,0
./datasets/tea0/93.jpg 0.447917,0.522266,0.445833,0.486719,0
./datasets/tea0/94.jpg 0.460417,0.517969,0.431944,0.493750,0
./datasets/tea0/95.jpg 0.478472,0.526563,0.429167,0.512500,0
./datasets/tea0/96.jpg 0.493750,0.528125,0.404167,0.492188,0
./datasets/tea0/97.jpg 0.495833,0.527734,0.397222,0.492969,0
./datasets/tea0/98.jpg 0.501389,0.532422,0.422222,0.500781,0
./datasets/tea0/99.jpg 0.491667,0.530469,0.405556,0.496875,0
./datasets/tea0/100.jpg 0.487500,0.523828,0.430556,0.496094,0
./datasets/tea0/101.jpg 0.477778,0.521094,0.458333,0.501563,0
./datasets/tea0/102.jpg 0.463194,0.517188,0.448611,0.504687,0
./datasets/tea0/103.jpg 0.450694,0.514062,0.434722,0.495312,0
./datasets/tea0/104.jpg 0.438889,0.510938,0.436111,0.503125,0
./datasets/tea0/105.jpg 0.419444,0.512109,0.444444,0.510156,0
./datasets/tea0/106.jpg 0.394444,0.506641,0.483333,0.516406,0
./datasets/tea0/107.jpg 0.378472,0.504687,0.465278,0.512500,0
./datasets/tea0/108.jpg 0.370139,0.499609,0.476389,0.507031,0
./datasets/tea0/109.jpg 0.351389,0.501953,0.508333,0.516406,0
./datasets/tea0/110.jpg 0.356944,0.500781,0.475000,0.514062,0
./datasets/tea0/111.jpg 0.354861,0.505469,0.490278,0.514062,0
./datasets/tea0/112.jpg 0.342361,0.505078,0.506944,0.511719,0
./datasets/tea0/113.jpg 0.341667,0.507031,0.502778,0.515625,0
./datasets/tea0/114.jpg 0.356944,0.515234,0.494444,0.511719,0
./datasets/tea0/115.jpg 0.381250,0.523438,0.470833,0.517188,0
./datasets/tea0/116.jpg 0.402083,0.536719,0.473611,0.507812,0
./datasets/tea0/117.jpg 0.412500,0.545703,0.486111,0.516406,0
./datasets/tea0/118.jpg 0.441667,0.563672,0.469444,0.500781,0
./datasets/tea0/119.jpg 0.453472,0.568359,0.490278,0.521094,0
./datasets/tea0/120.jpg 0.467361,0.585938,0.509722,0.529687,0
./datasets/tea0/121.jpg 0.478472,0.589453,0.506944,0.530469,0
./datasets/tea0/122.jpg 0.481944,0.599219,0.505556,0.515625,0
./datasets/tea0/123.jpg 0.473611,0.601172,0.508333,0.527344,0
./datasets/tea0/124.jpg 0.460417,0.593359,0.495833,0.522656,0
./datasets/tea0/125.jpg 0.457639,0.585156,0.512500,0.515625,0
./datasets/tea0/126.jpg 0.426389,0.575391,0.561111,0.507031,0
./datasets/tea0/127.jpg 0.417361,0.563672,0.529167,0.500781,0
./datasets/tea0/128.jpg 0.409722,0.558984,0.530556,0.505469,0
./datasets/tea0/129.jpg 0.415972,0.552734,0.506944,0.507031,0
./datasets/tea0/130.jpg 0.415972,0.554297,0.520833,0.500781,0
./datasets/tea0/131.jpg 0.425000,0.546875,0.561111,0.521875,0
./datasets/tea0/132.jpg 0.430556,0.544141,0.516667,0.513281,0
./datasets/tea0/133.jpg 0.443750,0.559766,0.534722,0.514844,0
./datasets/tea0/134.jpg 0.423611,0.566016,0.527778,0.505469,0
./datasets/tea0/135.jpg 0.430556,0.580078,0.544444,0.521094,0
./datasets/tea0/136.jpg 0.425000,0.583594,0.536111,0.512500,0
./datasets/tea0/137.jpg 0.422222,0.599219,0.558333,0.509375,0
./datasets/tea0/138.jpg 0.404167,0.605078,0.541667,0.519531,0
./datasets/tea0/139.jpg 0.408333,0.625000,0.588889,0.528125,0
./datasets/tea0/140.jpg 0.401389,0.631641,0.552778,0.496094,0
./datasets/tea0/141.jpg 0.391667,0.630469,0.577778,0.521875,0
./datasets/tea0/142.jpg 0.386806,0.628516,0.581944,0.530469,0
./datasets/tea0/143.jpg 0.388194,0.638281,0.562500,0.535937,0
./datasets/tea0/144.jpg 0.383333,0.640625,0.586111,0.548438,0
./datasets/tea0/145.jpg 0.388194,0.652734,0.598611,0.549219,0
./datasets/tea0/146.jpg 0.400000,0.648828,0.605556,0.580469,0
./datasets/tea0/147.jpg 0.404167,0.650000,0.594444,0.551562,0
./datasets/tea0/148.jpg 0.404861,0.648438,0.618056,0.560937,0
./datasets/tea0/149.jpg 0.450000,0.650000,0.575000,0.546875,0
./datasets/tea0/150.jpg 0.454167,0.649609,0.622222,0.550781,0
./datasets/tea0/151.jpg 0.466667,0.641016,0.608333,0.550781,0
./datasets/tea0/152.jpg 0.477083,0.646094,0.634722,0.564063,0
./datasets/tea0/153.jpg 0.481250,0.642188,0.631944,0.576562,0
./datasets/tea0/154.jpg 0.490278,0.646094,0.611111,0.556250,0
./datasets/tea0/155.jpg 0.492361,0.648828,0.654167,0.550781,0
./datasets/tea0/156.jpg 0.502778,0.654687,0.650000,0.581250,0
./datasets/tea0/157.jpg 0.498611,0.658984,0.677778,0.578906,0
./datasets/tea0/158.jpg 0.500694,0.658594,0.637500,0.575000,0
./datasets/tea0/159.jpg 0.488194,0.666797,0.681944,0.599219,0
./datasets/tea0/160.jpg 0.502778,0.678516,0.638889,0.582031,0
./datasets/tea0/161.jpg 0.488194,0.673828,0.631944,0.592969,0
./datasets/tea0/162.jpg 0.480556,0.674609,0.683333,0.608594,0
./datasets/tea0/163.jpg 0.479167,0.680859,0.694444,0.607031,0
./datasets/tea0/164.jpg 0.481944,0.677734,0.688889,0.607031,0
./datasets/tea0/165.jpg 0.475694,0.677734,0.690278,0.602344,0
./datasets/tea0/166.jpg 0.479861,0.681641,0.718056,0.619531,0
./datasets/tea0/167.jpg 0.495833,0.663281,0.677778,0.626563,0
./datasets/tea0/168.jpg 0.498611,0.666016,0.733333,0.621094,0
./datasets/tea0/169.jpg 0.518750,0.659375,0.668056,0.606250,0
./datasets/tea0/170.jpg 0.540278,0.662891,0.686111,0.608594,0
./datasets/tea0/171.jpg 0.556250,0.655078,0.706944,0.583594,0
./datasets/tea0/172.jpg 0.586111,0.661328,0.705556,0.589844,0
./datasets/tea0/173.jpg 0.581250,0.657031,0.718056,0.589063,0
./datasets/tea0/174.jpg 0.579167,0.658984,0.650000,0.586719,0
./datasets/tea0/175.jpg 0.556944,0.660547,0.658333,0.599219,0
./datasets/tea0/176.jpg 0.551389,0.655078,0.688889,0.582031,0
./datasets/tea0/177.jpg 0.543750,0.660156,0.693056,0.585938,0
./datasets/tea0/178.jpg 0.573611,0.666016,0.650000,0.592969,0
./datasets/tea0/179.jpg 0.572917,0.676172,0.676389,0.574219,0
./datasets/tea0/180.jpg 0.565278,0.687109,0.688889,0.574219,0
./datasets/tea0/181.jpg 0.569444,0.695312,0.658333,0.592187,0
./datasets/tea0/182.jpg 0.565972,0.700000,0.659722,0.596875,0
./datasets/tea0/183.jpg 0.562500,0.705469,0.686111,0.589063,0
./datasets/tea0/184.jpg 0.575694,0.715234,0.679167,0.569531,0
./datasets/tea0/185.jpg 0.593056,0.722656,0.683333,0.554688,0
./datasets/tea0/186.jpg 0.628472,0.722266,0.676389,0.555469,0
./datasets/tea0/187.jpg 0.654167,0.736719,0.663889,0.526563,0
./datasets/tea0/188.jpg 0.679861,0.737891,0.637500,0.524219,0
./datasets/tea0/189.jpg 0.693056,0.740625,0.613889,0.515625,0
./datasets/tea0/190.jpg 0.712500,0.745703,0.575000,0.507031,0
./datasets/tea0/191.jpg 0.717361,0.734766,0.562500,0.530469,0
./datasets/tea0/192.jpg 0.734722,0.738281,0.530556,0.515625,0
./datasets/tea0/193.jpg 0.733333,0.737109,0.533333,0.517969,0
./datasets/tea0/194.jpg 0.731250,0.740234,0.523611,0.519531,0
./datasets/tea0/195.jpg 0.734028,0.732031,0.531944,0.512500,0
./datasets/tea0/196.jpg 0.725000,0.729688,0.550000,0.526563,0
./datasets/tea0/197.jpg 0.706944,0.736328,0.580556,0.527344,0
./datasets/tea0/198.jpg 0.717361,0.742578,0.565278,0.507031,0
./datasets/tea0/199.jpg 0.717361,0.742578,0.565278,0.510156,0
./datasets/tea0/200.jpg 0.727083,0.750391,0.545833,0.494531,0
./datasets/tea0/201.jpg 0.743056,0.748437,0.513889,0.493750,0
./datasets/tea0/202.jpg 0.761111,0.753906,0.469444,0.492188,0
./datasets/tea0/203.jpg 0.774306,0.748047,0.445833,0.503906,0
./datasets/tea0/204.jpg 0.802778,0.742188,0.394444,0.506250,0
./datasets/tea0/205.jpg 0.804167,0.748047,0.391667,0.500781,0
./datasets/tea0/206.jpg 0.803472,0.748047,0.393056,0.491406,0
./datasets/tea0/207.jpg 0.779861,0.755859,0.440278,0.482031,0
./datasets/tea0/208.jpg 0.778472,0.759766,0.443056,0.471094,0
./datasets/tea0/209.jpg 0.756944,0.767578,0.480556,0.464844,0
./datasets/tea0/210.jpg 0.739583,0.772266,0.518056,0.455469,0
./datasets/tea0/211.jpg 0.718056,0.761328,0.563889,0.461719,0
./datasets/tea0/212.jpg 0.710417,0.760938,0.579167,0.473438,0
./datasets/tea0/213.jpg 0.699306,0.757812,0.601389,0.476562,0
./datasets/tea0/214.jpg 0.684722,0.746484,0.627778,0.500781,0
./datasets/tea0/215.jpg 0.674306,0.740234,0.629167,0.519531,0
./datasets/tea0/216.jpg 0.672917,0.729297,0.654167,0.530469,0
./datasets/tea0/217.jpg 0.657639,0.729688,0.656944,0.540625,0
./datasets/tea0/218.jpg 0.625000,0.722266,0.647222,0.555469,0
./datasets/tea0/219.jpg 0.619444,0.718359,0.644444,0.563281,0
./datasets/tea0/220.jpg 0.586111,0.716797,0.630556,0.566406,0
./datasets/tea0/221.jpg 0.555556,0.712109,0.652778,0.575781,0
./datasets/tea0/222.jpg 0.534028,0.712500,0.637500,0.575000,0
./datasets/tea0/223.jpg 0.502083,0.712109,0.629167,0.575781,0
./datasets/tea0/224.jpg 0.465278,0.716016,0.652778,0.567969,0
./datasets/tea0/225.jpg 0.421528,0.718359,0.656944,0.563281,0
./datasets/tea0/226.jpg 0.363889,0.720313,0.702778,0.559375,0
./datasets/tea0/227.jpg 0.348611,0.715625,0.683333,0.568750,0
./datasets/tea0/228.jpg 0.331250,0.713672,0.659722,0.572656,0
./datasets/tea0/229.jpg 0.315278,0.711328,0.627778,0.577344,0
./datasets/tea0/230.jpg 0.306250,0.706641,0.609722,0.586719,0
./datasets/tea0/231.jpg 0.300694,0.699609,0.598611,0.599219,0
./datasets/tea0/232.jpg 0.292361,0.702344,0.581944,0.595313,0
./datasets/tea0/233.jpg 0.289583,0.697656,0.576389,0.604688,0
./datasets/tea0/234.jpg 0.281944,0.697656,0.552778,0.604688,0
./datasets/tea0/235.jpg 0.265972,0.700781,0.529167,0.596875,0
./datasets/tea0/236.jpg 0.265278,0.698828,0.522222,0.602344,0
./datasets/tea0/237.jpg 0.259028,0.697266,0.515278,0.596094,0
./datasets/tea0/238.jpg 0.246528,0.696484,0.490278,0.607031,0
./datasets/tea0/239.jpg 0.240278,0.699219,0.477778,0.601562,0
./datasets/tea0/240.jpg 0.247917,0.694531,0.493056,0.603125,0
./datasets/tea0/241.jpg 0.234028,0.695703,0.465278,0.608594,0
./datasets/tea0/242.jpg 0.238889,0.694141,0.475000,0.611719,0
./datasets/tea0/243.jpg 0.236111,0.688672,0.469444,0.622656,0
./datasets/tea0/244.jpg 0.235417,0.686719,0.468056,0.626563,0
./datasets/tea0/245.jpg 0.234722,0.683594,0.466667,0.632812,0
./datasets/tea0/246.jpg 0.236111,0.679297,0.469444,0.641406,0
./datasets/tea0/247.jpg 0.241667,0.678125,0.480556,0.643750,0
./datasets/tea0/248.jpg 0.240972,0.676172,0.479167,0.647656,0
./datasets/tea0/249.jpg 0.241667,0.676953,0.480556,0.646094,0
./datasets/tea0/250.jpg 0.254167,0.676562,0.505556,0.639062,0
./datasets/tea0/251.jpg 0.250000,0.680078,0.497222,0.639844,0
./datasets/tea0/252.jpg 0.252778,0.681641,0.494444,0.636719,0
./datasets/tea0/253.jpg 0.259028,0.681641,0.506944,0.636719,0
./datasets/tea0/254.jpg 0.265278,0.680469,0.527778,0.639062,0
./datasets/tea0/255.jpg 0.263194,0.682031,0.523611,0.635938,0
./datasets/tea0/256.jpg 0.265972,0.681250,0.529167,0.637500,0
./datasets/tea0/257.jpg 0.261111,0.679688,0.519444,0.640625,0
./datasets/tea0/258.jpg 0.270833,0.678125,0.530556,0.643750,0
./datasets/tea0/259.jpg 0.263889,0.672656,0.525000,0.654687,0
./datasets/tea0/260.jpg 0.276389,0.667188,0.550000,0.662500,0
./datasets/tea0/261.jpg 0.281250,0.662500,0.559722,0.673438,0
./datasets/tea0/262.jpg 0.281944,0.656250,0.561111,0.685937,0
./datasets/tea0/263.jpg 0.289583,0.657031,0.576389,0.685937,0
./datasets/tea0/264.jpg 0.297222,0.651172,0.586111,0.697656,0
./datasets/tea0/265.jpg 0.297917,0.645312,0.587500,0.703125,0
./datasets/tea0/266.jpg 0.300000,0.642969,0.597222,0.714063,0
./datasets/tea0/267.jpg 0.306250,0.639844,0.609722,0.714063,0
./datasets/tea0/268.jpg 0.305556,0.643750,0.602778,0.712500,0
./datasets/tea0/269.jpg 0.301389,0.641406,0.600000,0.714063,0
./datasets/tea0/270.jpg 0.309028,0.641016,0.606944,0.717969,0
./datasets/tea0/271.jpg 0.307639,0.647656,0.604167,0.704688,0
./datasets/tea0/272.jpg 0.302083,0.654687,0.593056,0.690625,0
./datasets/tea0/273.jpg 0.296528,0.660547,0.590278,0.678906,0
./datasets/tea0/274.jpg 0.291667,0.671094,0.572222,0.657813,0
./datasets/tea0/275.jpg 0.283333,0.683203,0.555556,0.633594,0
./datasets/tea0/276.jpg 0.277083,0.687109,0.545833,0.625781,0
./datasets/tea0/277.jpg 0.276389,0.692578,0.550000,0.614844,0
./datasets/tea0/278.jpg 0.275000,0.698047,0.533333,0.603906,0
./datasets/tea0/279.jpg 0.297222,0.698438,0.577778,0.601562,0
./datasets/tea0/280.jpg 0.293750,0.698047,0.579167,0.603906,0
./datasets/tea0/281.jpg 0.292361,0.707031,0.570833,0.585938,0
./datasets/tea0/282.jpg 0.302083,0.707031,0.601389,0.585938,0
./datasets/tea0/283.jpg 0.309028,0.713281,0.595833,0.573438,0
./datasets/tea0/284.jpg 0.309028,0.716797,0.615278,0.566406,0
./datasets/tea0/285.jpg 0.304861,0.724219,0.595833,0.551562,0
./datasets/tea0/286.jpg 0.292361,0.723828,0.581944,0.552344,0
./datasets/tea0/287.jpg 0.287500,0.726562,0.566667,0.546875,0
./datasets/tea0/288.jpg 0.273611,0.727734,0.544444,0.544531,0
./datasets/tea0/289.jpg 0.275694,0.725781,0.540278,0.548438,0
./datasets/tea0/290.jpg 0.268750,0.723047,0.534722,0.547656,0
./datasets/tea0/291.jpg 0.270833,0.725000,0.533333,0.550000,0
./datasets/tea0/292.jpg 0.270833,0.728516,0.538889,0.542969,0
./datasets/tea0/293.jpg 0.271528,0.730078,0.526389,0.539844,0
./datasets/tea0/294.jpg 0.275694,0.723828,0.537500,0.552344,0
./datasets/tea0/295.jpg 0.270833,0.724609,0.527778,0.550781,0
./datasets/tea0/296.jpg 0.275694,0.718359,0.543056,0.560156,0
./datasets/tea0/297.jpg 0.271528,0.718750,0.526389,0.562500,0
./datasets/tea0/298.jpg 0.265972,0.708984,0.518056,0.582031,0
./datasets/tea0/299.jpg 0.268056,0.698047,0.527778,0.603906,0
./datasets/tea0/300.jpg 0.272222,0.676172,0.541667,0.630469,0
./datasets/tea0/301.jpg 0.276389,0.667969,0.550000,0.664062,0
./datasets/tea0/302.jpg 0.290972,0.659375,0.579167,0.670312,0
./datasets/tea0/303.jpg 0.297222,0.653906,0.583333,0.664062,0
./datasets/tea0/304.jpg 0.301389,0.650781,0.600000,0.675000,0
./datasets/tea0/305.jpg 0.322917,0.654687,0.631944,0.679688,0
./datasets/tea0/306.jpg 0.322222,0.650000,0.627778,0.684375,0
./datasets/tea0/307.jpg 0.325694,0.644141,0.648611,0.694531,0
./datasets/tea0/308.jpg 0.336806,0.629297,0.656944,0.683594,0
./datasets/tea0/309.jpg 0.336806,0.619531,0.665278,0.682813,0
./datasets/tea0/310.jpg 0.344444,0.607031,0.672222,0.690625,0
./datasets/tea0/311.jpg 0.340278,0.603516,0.669444,0.677344,0
./datasets/tea0/312.jpg 0.348611,0.595313,0.688889,0.681250,0
./datasets/tea0/313.jpg 0.367361,0.585156,0.681944,0.685937,0
./datasets/tea0/314.jpg 0.406250,0.582422,0.665278,0.692969,0
./datasets/tea0/315.jpg 0.422222,0.578516,0.672222,0.700781,0
./datasets/tea0/316.jpg 0.446528,0.569531,0.673611,0.707812,0
./datasets/tea0/317.jpg 0.479167,0.560547,0.683333,0.708594,0
./datasets/tea0/318.jpg 0.497917,0.546875,0.679167,0.721875,0
./datasets/tea0/319.jpg 0.511111,0.541406,0.705556,0.725000,0
./datasets/tea0/320.jpg 0.506250,0.539453,0.670833,0.722656,0
./datasets/tea0/321.jpg 0.488889,0.527344,0.688889,0.732812,0
./datasets/tea0/322.jpg 0.476389,0.517969,0.675000,0.735938,0
./datasets/tea0/323.jpg 0.477083,0.511328,0.684722,0.733594,0
./datasets/tea0/324.jpg 0.471528,0.511328,0.681944,0.719531,0
./datasets/tea0/325.jpg 0.466667,0.500000,0.697222,0.729688,0
./datasets/tea0/326.jpg 0.452778,0.490234,0.688889,0.732031,0
./datasets/tea0/327.jpg 0.461806,0.479687,0.670833,0.717187,0
./datasets/tea0/328.jpg 0.460417,0.489063,0.659722,0.721875,0
./datasets/tea0/329.jpg 0.461111,0.483203,0.669444,0.714844,0
./datasets/tea0/330.jpg 0.461111,0.478125,0.694444,0.734375,0
./datasets/tea0/331.jpg 0.445139,0.471094,0.704167,0.700000,0
./datasets/tea0/332.jpg 0.463194,0.470313,0.706944,0.717187,0
./datasets/tea0/333.jpg 0.475000,0.466406,0.680556,0.709375,0
./datasets/tea0/334.jpg 0.477778,0.461719,0.711111,0.726562,0
./datasets/tea0/335.jpg 0.495139,0.458594,0.673611,0.717187,0
./datasets/tea0/336.jpg 0.511111,0.458203,0.666667,0.714844,0
./datasets/tea0/337.jpg 0.515972,0.464062,0.701389,0.721875,0
./datasets/tea0/338.jpg 0.505556,0.468359,0.630556,0.705469,0
./datasets/tea0/339.jpg 0.504167,0.466406,0.669444,0.701562,0
./datasets/tea0/340.jpg 0.511111,0.464062,0.672222,0.712500,0
./datasets/tea0/341.jpg 0.509028,0.453906,0.665278,0.706250,0
./datasets/tea0/342.jpg 0.516667,0.455469,0.669444,0.704688,0
./datasets/tea0/343.jpg 0.523611,0.452344,0.630556,0.701562,0
./datasets/tea0/344.jpg 0.527083,0.456641,0.648611,0.713281,0
./datasets/tea0/345.jpg 0.527083,0.466797,0.640278,0.703906,0
./datasets/tea0/346.jpg 0.522222,0.470703,0.661111,0.710156,0
./datasets/tea0/347.jpg 0.534028,0.478516,0.637500,0.700781,0
./datasets/tea0/348.jpg 0.543056,0.471875,0.619444,0.679688,0
./datasets/tea0/349.jpg 0.540278,0.480469,0.636111,0.698438,0
./datasets/tea0/350.jpg 0.539583,0.490234,0.626389,0.678906,0
./datasets/tea0/351.jpg 0.539583,0.495312,0.626389,0.690625,0
./datasets/tea0/352.jpg 0.552083,0.500391,0.590278,0.669531,0
./datasets/tea0/353.jpg 0.538889,0.506250,0.597222,0.660937,0
./datasets/tea0/354.jpg 0.545139,0.508203,0.587500,0.667969,0
./datasets/tea0/355.jpg 0.543056,0.517969,0.602778,0.665625,0
./datasets/tea0/356.jpg 0.540972,0.512109,0.593056,0.652344,0
./datasets/tea0/357.jpg 0.536806,0.511328,0.581944,0.663281,0
./datasets/tea0/358.jpg 0.530556,0.517578,0.583333,0.664844,0
./datasets/tea0/359.jpg 0.529861,0.523438,0.595833,0.667188,0
./datasets/tea0/360.jpg 0.525000,0.538672,0.577778,0.627344,0
./datasets/tea0/361.jpg 0.521528,0.542578,0.551389,0.641406,0
./datasets/tea0/362.jpg 0.529167,0.546484,0.550000,0.641406,0
./datasets/tea0/363.jpg 0.524306,0.553516,0.531944,0.619531,0
./datasets/tea0/364.jpg 0.544444,0.553125,0.525000,0.609375,0
./datasets/tea0/365.jpg 0.548611,0.550000,0.502778,0.609375,0
./datasets/tea0/366.jpg 0.551389,0.547266,0.500000,0.607031,0
./datasets/tea0/367.jpg 0.565972,0.541016,0.501389,0.613281,0
./datasets/tea0/368.jpg 0.568056,0.536328,0.483333,0.607031,0
./datasets/tea0/369.jpg 0.571528,0.541797,0.495833,0.617969,0
./datasets/tea0/370.jpg 0.572917,0.530859,0.509722,0.624219,0
./datasets/tea0/371.jpg 0.581944,0.529297,0.486111,0.622656,0
./datasets/tea0/372.jpg 0.599306,0.538672,0.501389,0.632031,0
./datasets/tea0/373.jpg 0.590278,0.528516,0.513889,0.630469,0
./datasets/tea0/374.jpg 0.590972,0.539453,0.537500,0.636719,0
./datasets/tea0/375.jpg 0.602083,0.532422,0.562500,0.642969,0
./datasets/tea0/376.jpg 0.602083,0.540234,0.543056,0.646094,0
./datasets/tea0/377.jpg 0.586806,0.555078,0.604167,0.680469,0
./datasets/tea0/378.jpg 0.588194,0.552734,0.545833,0.653906,0
./datasets/tea0/379.jpg 0.555556,0.565234,0.563889,0.660156,0
./datasets/tea0/380.jpg 0.524306,0.570312,0.604167,0.664062,0
./datasets/tea0/381.jpg 0.493056,0.580859,0.605556,0.660156,0
./datasets/tea0/382.jpg 0.464583,0.587891,0.640278,0.649219,0
./datasets/tea0/383.jpg 0.439583,0.596484,0.626389,0.658594,0
./datasets/tea0/384.jpg 0.427083,0.588281,0.584722,0.625000,0
./datasets/tea0/385.jpg 0.413889,0.591016,0.600000,0.625781,0
./datasets/tea0/386.jpg 0.418750,0.581641,0.593056,0.613281,0
./datasets/tea0/387.jpg 0.428472,0.594141,0.579167,0.589844,0
./datasets/tea0/388.jpg 0.429861,0.585547,0.568056,0.566406,0
./datasets/tea0/389.jpg 0.448611,0.580078,0.572222,0.577344,0
./datasets/tea0/390.jpg 0.445833,0.573047,0.611111,0.566406,0
./datasets/tea0/391.jpg 0.454861,0.558203,0.556944,0.564844,0
./datasets/tea0/392.jpg 0.453472,0.553906,0.568056,0.550000,0
./datasets/tea0/393.jpg 0.461111,0.556250,0.572222,0.551562,0
./datasets/tea0/394.jpg 0.463889,0.558594,0.536111,0.542188,0
./datasets/tea0/395.jpg 0.450000,0.564844,0.530556,0.521875,0
./datasets/tea0/396.jpg 0.456250,0.574219,0.556944,0.528125,0
./datasets/tea0/397.jpg 0.464583,0.587109,0.570833,0.499219,0
./datasets/tea0/398.jpg 0.479861,0.601562,0.551389,0.498437,0
./datasets/tea0/399.jpg 0.460417,0.602734,0.531944,0.480469,0
./datasets/tea0/400.jpg 0.450694,0.608203,0.543056,0.482031,0
./datasets/tea0/401.jpg 0.463889,0.607422,0.597222,0.483594,0
./datasets/tea0/402.jpg 0.461806,0.608594,0.556944,0.476562,0
./datasets/tea0/403.jpg 0.454861,0.602344,0.551389,0.465625,0
./datasets/tea0/404.jpg 0.464583,0.598437,0.570833,0.471875,0
./datasets/tea0/405.jpg 0.461111,0.582422,0.563889,0.450781,0
./datasets/tea0/406.jpg 0.476389,0.583594,0.552778,0.445312,0
./datasets/tea0/407.jpg 0.486806,0.575781,0.543056,0.448437,0
./datasets/tea0/408.jpg 0.500000,0.569531,0.527778,0.440625,0
./datasets/tea0/409.jpg 0.510417,0.580859,0.518056,0.453906,0
./datasets/tea0/410.jpg 0.504861,0.578125,0.551389,0.435937,0
./datasets/tea0/411.jpg 0.503472,0.583594,0.554167,0.446875,0
./datasets/tea0/412.jpg 0.520139,0.580078,0.512500,0.421094,0
./datasets/tea0/413.jpg 0.519444,0.582031,0.525000,0.420312,0
./datasets/tea0/414.jpg 0.518750,0.582031,0.545833,0.403125,0
./datasets/tea0/415.jpg 0.522222,0.587109,0.522222,0.433594,0
./datasets/tea0/416.jpg 0.515278,0.597266,0.525000,0.422656,0
./datasets/tea0/417.jpg 0.491667,0.596094,0.541667,0.410938,0
./datasets/tea0/418.jpg 0.492361,0.601172,0.570833,0.419531,0
./datasets/tea0/419.jpg 0.463194,0.600000,0.543056,0.407813,0
./datasets/tea0/420.jpg 0.466667,0.593359,0.577778,0.414844,0
./datasets/tea0/421.jpg 0.493056,0.592578,0.491667,0.400781,0
./datasets/tea0/422.jpg 0.476389,0.591406,0.550000,0.396875,0
./datasets/tea0/423.jpg 0.466667,0.595313,0.519444,0.387500,0
./datasets/tea0/424.jpg 0.473611,0.608203,0.513889,0.399219,0
./datasets/tea0/425.jpg 0.468056,0.599219,0.502778,0.387500,0
./datasets/tea0/426.jpg 0.460417,0.597266,0.520833,0.389844,0
./datasets/tea0/427.jpg 0.462500,0.598437,0.525000,0.390625,0
./datasets/tea0/428.jpg 0.450694,0.591797,0.584722,0.397656,0
./datasets/tea0/429.jpg 0.445833,0.587109,0.533333,0.367969,0
./datasets/tea0/430.jpg 0.445833,0.580859,0.497222,0.352344,0
./datasets/tea0/431.jpg 0.437500,0.569531,0.522222,0.368750,0
./datasets/tea0/432.jpg 0.432639,0.566016,0.506944,0.374219,0
./datasets/tea0/433.jpg 0.445139,0.557813,0.520833,0.379688,0
./datasets/tea0/434.jpg 0.432639,0.553125,0.509722,0.367188,0
./datasets/tea0/435.jpg 0.434028,0.558984,0.568056,0.411719,0
./datasets/tea0/436.jpg 0.420139,0.537891,0.515278,0.383594,0
./datasets/tea0/437.jpg 0.404167,0.534766,0.547222,0.372656,0
./datasets/tea0/438.jpg 0.397917,0.532422,0.526389,0.364844,0
./datasets/tea0/439.jpg 0.380556,0.533594,0.536111,0.370312,0
./datasets/tea0/440.jpg 0.395139,0.537109,0.501389,0.375781,0
./datasets/tea0/441.jpg 0.373611,0.539844,0.536111,0.376563,0
./datasets/tea0/442.jpg 0.368056,0.535547,0.536111,0.364844,0
./datasets/tea0/443.jpg 0.363194,0.528516,0.537500,0.364844,0
./datasets/tea0/444.jpg 0.379861,0.542969,0.515278,0.378125,0
./datasets/tea0/445.jpg 0.374306,0.542578,0.556944,0.358594,0
./datasets/tea0/446.jpg 0.391667,0.542578,0.527778,0.360156,0
./datasets/tea0/447.jpg 0.410417,0.550000,0.529167,0.375000,0
./datasets/tea0/448.jpg 0.412500,0.547266,0.530556,0.350781,0
./datasets/tea0/449.jpg 0.448611,0.549219,0.516667,0.365625,0
./datasets/tea0/450.jpg 0.440278,0.548047,0.575000,0.377344,0
./datasets/tea0/451.jpg 0.464583,0.555078,0.534722,0.361719,0
./datasets/tea0/452.jpg 0.488194,0.549609,0.559722,0.360156,0
./datasets/tea0/453.jpg 0.502083,0.547656,0.534722,0.356250,0
./datasets/tea0/454.jpg 0.507639,0.546094,0.559722,0.353125,0
./datasets/tea0/455.jpg 0.520139,0.547266,0.548611,0.347656,0
./datasets/tea0/456.jpg 0.505556,0.542969,0.552778,0.351562,0
./datasets/tea0/457.jpg 0.497917,0.544141,0.565278,0.353906,0
./datasets/tea0/458.jpg 0.494444,0.550781,0.561111,0.345313,0
./datasets/tea0/459.jpg 0.504167,0.548438,0.552778,0.342187,0
./datasets/tea0/460.jpg 0.491667,0.545312,0.511111,0.332813,0
./datasets/tea0/461.jpg 0.473611,0.541406,0.583333,0.362500,0
./datasets/tea0/462.jpg 0.484722,0.542969,0.530556,0.351562,0
./datasets/tea0/463.jpg 0.485417,0.541016,0.540278,0.347656,0
./datasets/tea0/464.jpg 0.474306,0.542578,0.540278,0.344531,0
./datasets/tea0/465.jpg 0.476389,0.541406,0.558333,0.351562,0
./datasets/tea0/466.jpg 0.478472,0.535937,0.529167,0.357812,0
./datasets/tea0/467.jpg 0.470139,0.533203,0.540278,0.339844,0
./datasets/tea0/468.jpg 0.459722,0.538281,0.544444,0.345313,0
./datasets/tea0/469.jpg 0.461806,0.528906,0.570833,0.335938,0
./datasets/tea0/470.jpg 0.465278,0.535547,0.536111,0.360156,0
./datasets/tea0/471.jpg 0.459028,0.530469,0.543056,0.332813,0
./datasets/tea0/472.jpg 0.476389,0.530078,0.558333,0.327344,0
./datasets/tea0/473.jpg 0.479167,0.535937,0.569444,0.353125,0
./datasets/tea0/474.jpg 0.484722,0.530469,0.536111,0.368750,0
./datasets/tea0/475.jpg 0.469444,0.526953,0.588889,0.355469,0
./datasets/tea0/476.jpg 0.470833,0.525000,0.608333,0.357812,0
./datasets/tea0/477.jpg 0.483333,0.528125,0.550000,0.357812,0
./datasets/tea0/478.jpg 0.485417,0.528906,0.556944,0.350000,0
